red [2.76872626 1.53704975 9.21559947 0.56323722 8.04074081]
red [7.54433034 3.85555633 9.72344094 0.47856667 6.57289952]
red [4.30443085 5.35441224 5.57918427 0.11343532 5.96056585]
red [1.63473183 0.07845803 7.65404431 2.34633577 6.15514032]
red [9.23466279 2.58259551 9.67235387 1.40512028 5.34673317]
red [8.15600245 3.84007059 9.09387473 3.35811878 3.49791883]
red [2.76561817 1.03059644 9.08228187 1.10097444 1.73124434]
red [8.73759237 1.52277985 1.20578421 4.30270947 6.07503532]
red [6.31687225 0.2075648  2.08071816 1.70551149 7.83147636]
red [1.775239   2.76043275 7.60728292 1.66208081 1.90224352]
blue [3.14419614 4.37477798 1.88386418 8.79848608 9.54262885]
blue [7.84878414 2.25261852 3.09561098 7.01289705 0.76608841]
blue [2.92136816 1.78974438 5.3774392  7.56331482 3.30777562]
blue [8.70889935 2.43162105 1.05599349 4.4329214  0.04805563]
blue [7.34968301 3.46311265 2.51553506 7.31044141 6.89240828]
blue [1.22277427 8.93602811 6.93410974 7.24315707 3.98939223]
blue [6.38876211 6.88437947 2.44299023 8.66667164 0.01070277]
blue [2.06193532 2.46891293 4.18279622 8.41755587 2.72535469]
blue [7.48197752 4.19945597 3.44656098 4.71284879 2.89907049]
blue [7.50607081 6.31535614 4.13087044 4.98475468 9.09942643]
